Epsilon: 0.9; Mean: 0.0; Confidence Interval: nan - nan; Raw: [0]
Epsilon: 0.8; Mean: 0.0; Confidence Interval: nan - nan; Raw: [0]
Epsilon: 0.7; Mean: 0.0; Confidence Interval: nan - nan; Raw: [0]
Epsilon: 0.6; Mean: 0.0; Confidence Interval: nan - nan; Raw: [0]
Epsilon: 0.5; Mean: 0.0; Confidence Interval: nan - nan; Raw: [0]
Epsilon: 0.4; Mean: 0.0; Confidence Interval: nan - nan; Raw: [0]
Epsilon: 0.2; Mean: 6437.761194029851; Confidence Interval: 6115.880628093194 - 6759.641759966508; Raw: [6820, 7300, 6560, 6600, 6210, 7300, 7070, 5790, 7630, 8110, 6480, 6760, 7220, 7770, 7150, 5990, 6350, 7600, 4940, 7770, 5390, 6570, 5320, 5540, 6160, 6700, 5840, 5880, 5870, 6970, 5920, 4730, 8130, 6690, 5550, 7520, 7690, 6420, 6770, 6070, 5500, 7040, 6010, 5690, 7170, 7320, 6280, 4320, 8550, 5910, 6010, 5450, 5580, 6160, 6620, 5570, 6670, 6210, 6000, 5820, 7130, 5030, 7980, 5870, 6810, 5170, 6310]
Epsilon: 0.175; Mean: 5780.491803278688; Confidence Interval: 5495.2062348898735 - 6065.777371667503; Raw: [5910, 6850, 5020, 4070, 5380, 6170, 7580, 5950, 5520, 5580, 5210, 4360, 5520, 4880, 4460, 5380, 4930, 5880, 5100, 5140, 5900, 6450, 6250, 6750, 5430, 6390, 6340, 5580, 5930, 4860, 6650, 6310, 5900, 5770, 7020, 6680, 6450, 5770, 6260, 5260, 4660, 5470, 6490, 5750, 6000, 5710, 6070, 7620, 5120, 7090, 5110, 5220, 5220, 5440, 4890, 6920, 5280, 5940, 6410, 5730, 5630]
Epsilon: 0.15; Mean: 5582.820512820513; Confidence Interval: 5304.608916576117 - 5861.032109064909; Raw: [4210, 5070, 5630, 5770, 6610, 5450, 5970, 4670, 6400, 7870, 4280, 5960, 3940, 6380, 5630, 6990, 5650, 5200, 5630, 6360, 4970, 7700, 5040, 4460, 5120, 5820, 6280, 5250, 5490, 5740, 4940, 6250, 5340, 4860, 5360, 4700, 5700, 5420, 5470, 4670, 6160, 4530, 5800, 5840, 6190, 6130, 5110, 5080, 4920, 4100, 5810, 6560, 6840, 4840, 5380, 3860, 5520, 4670, 4390, 6680, 5920, 5660, 7000, 6080, 6680, 4190, 5330, 6370, 6020, 5230, 4710, 5670, 6400, 5840, 5800, 5160, 6890, 5850]
Epsilon: 0.125; Mean: 5352.586206896552; Confidence Interval: 5085.4406752898285 - 5619.731738503275; Raw: [5580, 5000, 5080, 5350, 4440, 6280, 6360, 5460, 5900, 6240, 5190, 4250, 5310, 5190, 5070, 5120, 4500, 7230, 4260, 5510, 4820, 6520, 5160, 5220, 6330, 4950, 4900, 4750, 5090, 4230, 5640, 5590, 5290, 4510, 5040, 4630, 6000, 6250, 5070, 5070, 5510, 6250, 5450, 4740, 3830, 6450, 4910, 5930, 5740, 5230, 5860, 5260, 6280, 5120, 4550, 4800, 6200, 5960]
Epsilon: 0.1; Mean: 4821.269841269841; Confidence Interval: 4580.243744938017 - 5062.295937601665; Raw: [4430, 4820, 5530, 4650, 4650, 3920, 4790, 4870, 5060, 5250, 5170, 4180, 4630, 5130, 3800, 5030, 4570, 5330, 5190, 6870, 4330, 4450, 6430, 4890, 5170, 4940, 4930, 5120, 4350, 4390, 4550, 5880, 4560, 4330, 4480, 4940, 4870, 4830, 4480, 4630, 5740, 5030, 4760, 4030, 3830, 5690, 3670, 5890, 4910, 4980, 4490, 4240, 5220, 3760, 4040, 5940, 3730, 4370, 4580, 5300, 5530, 4090, 5500]
Epsilon: 0.075; Mean: 4808.691588785046; Confidence Interval: 4570.114802933447 - 5047.268374636646; Raw: [4710, 4720, 5770, 4360, 4870, 4740, 6280, 4800, 5100, 4210, 4160, 4810, 4530, 5850, 5820, 4390, 5130, 5320, 3460, 5650, 4320, 5230, 3890, 4580, 5230, 4270, 4360, 3990, 3730, 5080, 4110, 3730, 4790, 4360, 4900, 5540, 6100, 5970, 5110, 4540, 4350, 3750, 4590, 4560, 5460, 4280, 4760, 4930, 5620, 3670, 5780, 5550, 4370, 5300, 8440, 4260, 4270, 7690, 3990, 4470, 3760, 3870, 4760, 5590, 4590, 6270, 4680, 3710, 4480, 5870, 3650, 5830, 5120, 4660, 4060, 3400, 4800, 4180, 3960, 5080, 4810, 5120, 4670, 4290, 4490, 6170, 4580, 4450, 3770, 5030, 5540, 4480, 4610, 5890, 4630, 4320, 5710, 4640, 4620, 5960, 4210, 4460, 3880, 3280, 5930, 5080, 4990]
Epsilon: 0.05; Mean: 4764.25; Confidence Interval: 4526.598697130639 - 5001.901302869361; Raw: [4470, 3910, 4360, 6690, 6420, 5150, 4160, 5030, 4760, 4240, 5350, 4030, 3740, 3880, 5100, 4360, 4820, 4260, 4330, 4750, 5110, 4510, 4110, 6540, 4300, 5040, 4200, 5290, 5130, 6210, 4170, 4500, 4360, 4090, 4530, 4830, 4510, 5500, 5660, 3570, 6010, 4580, 5800, 4540, 4410, 4070, 4670, 3870, 5010, 4140, 4190, 5630, 4820, 3690, 3530, 5090, 3950, 5100, 5640, 5650, 4920, 3540, 4510, 4850, 5590, 6150, 5350, 4640, 4920, 4450, 4710, 4330, 4400, 5430, 5150, 4220, 5520, 5630, 4200, 4270]
Epsilon: 0.025; Mean: 4511.176470588235; Confidence Interval: 4286.644486323703 - 4735.708454852767; Raw: [4840, 4210, 4420, 4060, 4200, 4270, 5320, 3790, 5090, 4150, 4680, 4170, 5290, 4890, 3980, 4170, 5660, 4710, 4350, 5120, 4300, 4680, 5830, 4100, 4620, 4700, 4650, 4490, 3960, 4780, 3500, 6590, 4460, 3670, 5450, 5220, 4210, 4200, 3610, 3940, 5560, 4420, 4450, 4240, 3300, 4280, 4440, 4140, 4020, 5250, 4410, 3620, 4630, 3630, 4640, 5210, 4680, 4270, 5300, 5070, 3450, 4450, 4080, 5100, 5330, 4720, 3740, 4000]
Epsilon: 0.3; Mean: 0.0; Confidence Interval: nan - nan; Raw: [0]
Epsilon: 0.01; Mean: 4597.761194029851; Confidence Interval: 4370.050740837995 - 4825.471647221707; Raw: [3980, 4020, 3830, 5450, 5730, 3520, 4860, 6210, 4530, 5220, 5290, 4870, 3990, 4050, 4060, 4340, 5180, 5400, 4440, 5580, 4870, 6200, 4630, 4370, 4530, 5240, 5080, 4080, 4610, 5240, 3450, 4510, 4530, 3810, 4380, 4060, 4190, 4530, 4020, 4830, 3890, 4430, 5010, 3930, 4020, 4400, 5220, 4250, 5220, 5200, 5080, 4140, 4850, 4880, 3900, 4550, 5410, 3760, 3560, 3900, 4640, 4360, 4810, 5760, 4410, 4190, 4570]
Epsilon: 0.005; Mean: 4608.181818181818; Confidence Interval: 4378.842622706801 - 4837.521013656835; Raw: [6760, 4390, 4790, 4320, 3730, 5130, 3600, 4920, 4040, 4320, 4080, 3620, 3900, 4940, 5220, 6010, 3750, 3500, 4650, 5390, 3870, 4290, 4100, 4360, 4760, 3480, 4170, 4020, 5180, 5810, 4060, 4750, 5090, 3030, 3310, 4320, 4330, 5020, 4140, 3930, 5230, 3910, 3920, 4330, 5050, 4530, 5120, 4400, 3700, 3780, 4430, 5470, 3950, 6780, 3470, 4020, 4410, 6300, 5040, 4110, 3670, 4240, 4370, 4510, 3890, 5380, 4850, 4420, 5220, 3360, 4000, 4010, 4210, 4530, 6010, 5890, 5460, 5080, 3690, 6680, 5450, 3900, 3730, 5820, 4500, 5170, 4310, 4300, 4900, 5880, 4670, 5480, 4180, 4840, 4550, 8160, 5110, 6230, 4640, 5070, 4860, 4110, 3750, 4440, 5210, 4390, 3760, 4010, 5700, 4350, 3680, 4980, 5360, 3580, 4560, 3550, 6470, 3940, 4190, 4300, 5010]
Epsilon: 0; Mean: 4570.948905109489; Confidence Interval: 4342.908953543146 - 4798.988856675832; Raw: [3490, 3840, 5340, 4350, 4750, 5730, 4900, 4180, 6420, 4250, 3730, 3970, 3670, 4130, 5980, 3830, 3200, 5140, 3670, 5230, 3520, 4200, 3690, 3640, 3650, 5490, 3640, 4080, 4420, 5270, 4180, 4850, 4530, 4860, 4150, 4380, 3450, 3720, 4220, 3790, 4930, 3370, 3740, 5070, 5760, 5550, 4030, 5070, 3300, 4410, 5600, 3790, 4460, 3950, 4260, 3780, 4590, 4360, 3830, 5120, 5410, 4030, 4720, 4070, 4510, 3710, 4610, 3750, 5620, 3850, 4110, 5400, 5090, 4530, 3530, 3810, 4380, 5090, 6630, 4830, 6850, 3740, 4070, 5290, 4580, 3960, 5510, 3210, 5610, 5730, 4780, 4400, 4310, 3910, 3830, 8240, 4450, 3950, 5710, 3930, 4140, 4440, 3970, 4580, 3530, 6570, 6010, 4020, 6260, 4690, 4090, 3430, 3610, 3840, 6290, 6550, 3980, 5870, 3790, 4400, 4980, 6310, 3980, 4030, 5760, 5080, 4730, 5360, 5200, 3380, 5110, 5290, 3630, 3840, 4490, 5060, 5690]
